9787100028226
9787101054491
9787101066906
9787101077186
9787111262817
9787111338291
9787111376613
9787115249494
9787115330550
9787115343581
9787115355713
9787119048932
9787121167331
9787222068681
9787506342551
9787507421125
9787508627205
9787512305137
9787513903509
9787517013129
9787530211571
9787530212318
9787532553129
9787535643698
9787536481152
9787538250916
9787538730586
9787538740264
9787540214326
9787540449438
9787542633767
9787542635648
9787542643940
9787544253994
9787560081359
9787806659595
